300
4500
1 32
1 62
1 74
1 79
1 84
1 87
1 88
1 92
1 93
1 111
1 113
1 123
1 125
1 145
1 154
1 160
1 162
1 168
1 188
1 199
1 208
1 223
1 226
1 236
1 237
1 243
1 253
1 281
1 285
1 299
2 34
2 36
2 40
2 47
2 50
2 51
2 53
2 54
2 70
2 75
2 88
2 97
2 107
2 130
2 135
2 142
2 143
2 147
2 179
2 183
2 190
2 194
2 195
2 198
2 229
2 237
2 255
2 281
2 283
2 288
3 11
3 12
3 25
3 30
3 70
3 87
3 104
3 107
3 111
3 118
3 122
3 123
3 136
3 141
3 146
3 150
3 159
3 162
3 180
3 181
3 183
3 186
3 221
3 241
3 245
3 257
3 264
3 266
3 271
3 279
3 283
3 291
3 294
3 299
4 7
4 11
4 58
4 63
4 74
4 104
4 105
4 135
4 137
4 139
4 142
4 143
4 151
4 160
4 162
4 164
4 165
4 166
4 171
4 172
4 173
4 183
4 207
4 210
4 215
4 224
4 226
4 239
4 241
4 251
4 254
4 270
4 271
4 275
4 291
4 299
5 9
5 18
5 26
5 29
5 35
5 44
5 49
5 79
5 81
5 90
5 92
5 105
5 111
5 130
5 147
5 175
5 178
5 186
5 187
5 188
5 190
5 209
5 222
5 229
5 236
5 238
5 242
5 252
5 258
5 264
5 278
5 290
5 300
6 12
6 28
6 30
6 40
6 47
6 62
6 70
6 74
6 78
6 87
6 106
6 108
6 109
6 122
6 144
6 150
6 159
6 161
6 170
6 184
6 185
6 188
6 203
6 218
6 222
6 236
6 244
6 263
6 268
6 279
6 286
7 9
7 20
7 26
7 31
7 58
7 60
7 72
7 78
7 86
7 156
7 158
7 161
7 176
7 183
7 198
7 206
7 213
7 224
7 226
7 233
7 239
7 263
7 289
7 299
8 19
8 20
8 32
8 33
8 35
8 38
8 39
8 42
8 48
8 49
8 53
8 58
8 64
8 71
8 73
8 92
8 103
8 115
8 118
8 122
8 123
8 125
8 126
8 134
8 147
8 157
8 173
8 181
8 184
8 212
8 236
8 246
8 257
8 260
8 272
8 279
8 290
8 297
9 10
9 12
9 26
9 56
9 72
9 75
9 83
9 110
9 122
9 150
9 155
9 175
9 203
9 212
9 222
9 226
9 237
9 249
9 255
9 271
9 285
9 292
9 293
9 299
10 14
10 24
10 30
10 32
10 37
10 40
10 52
10 55
10 60
10 73
10 83
10 89
10 96
10 110
10 134
10 135
10 138
10 144
10 153
10 160
10 169
10 186
10 197
10 205
10 212
10 217
10 247
10 253
10 259
10 268
10 275
11 57
11 67
11 76
11 77
11 104
11 115
11 126
11 129
11 164
11 194
11 226
11 241
11 252
11 262
11 267
11 269
11 273
11 279
11 282
12 16
12 21
12 37
12 47
12 54
12 62
12 67
12 74
12 77
12 86
12 95
12 117
12 124
12 125
12 135
12 154
12 169
12 176
12 177
12 197
12 209
12 222
12 226
12 229
12 247
12 248
12 249
12 275
12 280
12 288
12 290
13 33
13 41
13 50
13 54
13 64
13 82
13 94
13 96
13 97
13 105
13 125
13 132
13 170
13 180
13 187
13 189
13 201
13 207
13 210
13 223
13 225
13 230
13 257
13 283
13 286
13 291
13 296
13 298
14 17
14 20
14 28
14 33
14 42
14 49
14 58
14 67
14 70
14 79
14 83
14 86
14 89
14 90
14 92
14 102
14 118
14 119
14 138
14 141
14 152
14 161
14 168
14 184
14 188
14 190
14 191
14 205
14 209
14 218
14 219
14 230
14 237
14 242
14 258
14 282
14 295
15 17
15 19
15 36
15 49
15 51
15 55
15 82
15 89
15 94
15 102
15 128
15 140
15 141
15 150
15 156
15 166
15 167
15 180
15 181
15 183
15 198
15 200
15 201
15 208
15 212
15 228
15 238
15 267
15 291
15 296
16 27
16 34
16 54
16 66
16 67
16 81
16 84
16 91
16 100
16 117
16 118
16 121
16 123
16 138
16 155
16 161
16 172
16 199
16 219
16 223
16 230
16 238
16 267
16 271
16 283
17 24
17 30
17 33
17 40
17 56
17 70
17 72
17 81
17 95
17 111
17 117
17 123
17 124
17 130
17 138
17 154
17 158
17 159
17 168
17 170
17 172
17 175
17 196
17 201
17 208
17 219
17 220
17 242
17 281
18 22
18 33
18 36
18 40
18 74
18 77
18 80
18 84
18 93
18 112
18 114
18 122
18 126
18 146
18 154
18 156
18 166
18 172
18 175
18 191
18 202
18 212
18 220
18 230
18 232
18 265
18 271
18 272
18 276
18 278
18 294
18 296
19 24
19 25
19 35
19 43
19 50
19 56
19 69
19 80
19 97
19 103
19 110
19 119
19 129
19 137
19 171
19 178
19 190
19 194
19 195
19 218
19 231
19 248
19 259
19 283
19 291
20 22
20 31
20 44
20 57
20 76
20 84
20 94
20 100
20 101
20 121
20 124
20 125
20 133
20 138
20 147
20 155
20 156
20 194
20 202
20 211
20 212
20 213
20 217
20 225
20 228
20 250
20 270
20 278
20 281
20 286
20 290
20 295
21 24
21 29
21 45
21 52
21 73
21 95
21 112
21 114
21 115
21 116
21 118
21 119
21 130
21 138
21 155
21 164
21 177
21 191
21 193
21 198
21 203
21 213
21 214
21 241
21 242
21 247
21 250
21 259
21 276
21 287
22 27
22 28
22 37
22 42
22 75
22 87
22 103
22 133
22 145
22 148
22 162
22 166
22 193
22 206
22 211
22 216
22 230
22 235
22 249
22 291
22 292
22 294
22 299
23 25
23 32
23 49
23 55
23 61
23 63
23 66
23 84
23 85
23 87
23 96
23 103
23 106
23 120
23 147
23 168
23 190
23 198
23 200
23 212
23 219
23 238
23 239
23 248
23 254
23 277
23 278
23 297
24 27
24 80
24 84
24 96
24 110
24 117
24 139
24 160
24 162
24 191
24 196
24 202
24 216
24 222
24 229
24 253
24 270
24 273
24 274
24 285
24 286
25 28
25 35
25 46
25 71
25 81
25 96
25 109
25 112
25 126
25 139
25 141
25 152
25 166
25 173
25 184
25 189
25 190
25 197
25 198
25 204
25 206
25 207
25 212
25 214
25 222
25 225
25 230
25 242
25 274
25 279
25 282
25 285
25 292
25 293
25 299
26 44
26 52
26 54
26 67
26 74
26 77
26 86
26 103
26 111
26 130
26 144
26 150
26 158
26 161
26 172
26 178
26 195
26 204
26 229
26 256
26 266
26 267
26 269
26 271
26 279
27 35
27 51
27 64
27 87
27 101
27 118
27 124
27 125
27 134
27 141
27 148
27 169
27 182
27 184
27 194
27 198
27 201
27 225
27 237
27 241
27 243
27 245
27 250
27 257
27 262
27 270
27 278
27 296
28 46
28 54
28 62
28 68
28 78
28 79
28 83
28 85
28 94
28 108
28 109
28 116
28 119
28 123
28 124
28 132
28 137
28 151
28 159
28 164
28 177
28 180
28 187
28 194
28 196
28 198
28 200
28 214
28 216
28 217
28 222
28 239
28 262
28 288
28 289
28 292
29 30
29 33
29 49
29 55
29 67
29 73
29 78
29 88
29 97
29 125
29 138
29 152
29 170
29 174
29 175
29 186
29 191
29 194
29 202
29 212
29 220
29 221
29 230
29 232
29 239
29 242
29 269
29 272
29 281
29 291
29 299
30 33
30 47
30 76
30 79
30 87
30 89
30 92
30 101
30 105
30 133
30 140
30 143
30 159
30 177
30 188
30 192
30 193
30 194
30 195
30 208
30 232
30 236
30 260
30 265
30 274
30 290
30 292
31 33
31 44
31 46
31 72
31 80
31 84
31 103
31 145
31 151
31 163
31 179
31 188
31 194
31 202
31 205
31 207
31 223
31 249
31 254
31 275
31 283
31 300
32 41
32 56
32 57
32 90
32 102
32 119
32 131
32 160
32 161
32 173
32 174
32 176
32 184
32 202
32 217
32 234
32 238
32 240
32 251
32 257
32 260
32 265
32 275
32 278
32 280
33 60
33 70
33 74
33 80
33 86
33 101
33 125
33 132
33 136
33 145
33 157
33 163
33 166
33 171
33 172
33 175
33 176
33 192
33 218
33 228
33 229
33 230
33 238
33 239
33 245
33 265
33 276
33 285
33 289
33 297
34 50
34 65
34 67
34 79
34 82
34 83
34 99
34 115
34 132
34 143
34 152
34 156
34 167
34 193
34 195
34 201
34 210
34 216
34 223
34 248
34 251
34 252
34 261
34 270
34 274
34 292
35 50
35 59
35 62
35 64
35 70
35 93
35 95
35 97
35 103
35 106
35 107
35 111
35 129
35 131
35 138
35 142
35 164
35 181
35 214
35 218
35 221
35 222
35 226
35 236
35 238
35 239
35 240
35 245
35 252
35 258
35 277
35 281
35 292
36 39
36 80
36 91
36 92
36 98
36 113
36 114
36 123
36 124
36 129
36 154
36 182
36 185
36 191
36 196
36 198
36 209
36 214
36 216
36 234
36 241
36 247
36 265
36 278
36 283
37 67
37 84
37 92
37 95
37 108
37 129
37 133
37 143
37 148
37 165
37 179
37 180
37 211
37 215
37 216
37 217
37 227
37 241
37 251
37 255
37 257
37 265
37 292
37 299
38 59
38 70
38 71
38 73
38 83
38 84
38 86
38 118
38 128
38 132
38 139
38 141
38 143
38 145
38 149
38 162
38 163
38 172
38 184
38 187
38 189
38 198
38 217
38 232
38 260
38 263
38 264
38 280
38 300
39 46
39 49
39 59
39 68
39 71
39 79
39 80
39 93
39 104
39 106
39 128
39 129
39 131
39 135
39 167
39 174
39 178
39 181
39 184
39 189
39 217
39 224
39 227
39 243
39 244
39 249
39 254
39 255
39 260
39 273
39 284
39 292
39 295
39 300
40 42
40 81
40 84
40 88
40 99
40 149
40 151
40 191
40 196
40 205
40 209
40 217
40 221
40 222
40 240
40 243
40 275
40 277
40 296
41 42
41 44
41 71
41 73
41 74
41 79
41 86
41 89
41 93
41 97
41 114
41 125
41 127
41 180
41 181
41 185
41 198
41 205
41 243
41 250
41 253
41 254
41 269
41 298
41 299
42 51
42 60
42 70
42 75
42 83
42 85
42 93
42 94
42 100
42 106
42 109
42 112
42 114
42 116
42 118
42 158
42 164
42 177
42 180
42 192
42 194
42 200
42 201
42 217
42 224
42 240
42 252
42 259
42 279
42 281
42 298
43 59
43 66
43 69
43 71
43 76
43 89
43 102
43 118
43 119
43 140
43 143
43 144
43 148
43 156
43 172
43 179
43 195
43 197
43 210
43 211
43 227
43 231
43 232
43 236
43 244
43 250
43 278
43 284
43 296
44 86
44 87
44 91
44 106
44 116
44 117
44 127
44 151
44 159
44 161
44 174
44 194
44 226
44 227
44 230
44 232
44 253
44 265
44 281
44 284
44 286
44 296
45 53
45 94
45 100
45 112
45 118
45 137
45 173
45 191
45 194
45 223
45 229
45 242
45 244
45 256
45 268
45 270
45 280
45 286
45 289
45 297
46 72
46 84
46 93
46 96
46 105
46 111
46 114
46 132
46 133
46 138
46 142
46 147
46 158
46 170
46 171
46 173
46 174
46 175
46 208
46 223
46 249
46 257
46 263
46 267
46 296
46 298
47 55
47 74
47 77
47 80
47 99
47 104
47 106
47 107
47 134
47 137
47 146
47 159
47 168
47 189
47 198
47 208
47 210
47 215
47 216
47 223
47 228
47 231
47 233
47 239
47 262
47 277
47 279
47 281
47 283
47 296
48 50
48 66
48 71
48 91
48 100
48 102
48 114
48 117
48 123
48 130
48 139
48 146
48 183
48 184
48 193
48 195
48 203
48 226
48 246
48 261
48 263
48 268
48 277
48 278
49 69
49 91
49 110
49 122
49 135
49 153
49 154
49 181
49 226
49 228
49 233
49 237
49 239
49 246
49 258
49 273
49 278
49 293
50 54
50 67
50 72
50 86
50 89
50 100
50 105
50 119
50 126
50 131
50 135
50 140
50 142
50 144
50 152
50 155
50 158
50 168
50 179
50 189
50 214
50 230
50 262
50 271
50 272
50 282
51 77
51 93
51 95
51 102
51 114
51 126
51 143
51 149
51 162
51 176
51 180
51 185
51 192
51 207
51 236
51 246
51 264
51 265
51 266
51 267
51 275
51 277
51 296
52 56
52 60
52 68
52 90
52 104
52 109
52 121
52 142
52 149
52 150
52 153
52 168
52 178
52 183
52 204
52 208
52 209
52 212
52 216
52 224
52 267
52 268
52 278
52 281
52 284
52 298
53 59
53 69
53 76
53 86
53 96
53 105
53 107
53 116
53 121
53 130
53 135
53 138
53 143
53 147
53 162
53 171
53 216
53 224
53 229
53 264
53 272
53 281
53 290
53 296
54 58
54 74
54 84
54 99
54 102
54 106
54 107
54 133
54 136
54 144
54 236
54 243
54 244
54 249
54 255
54 259
54 266
54 279
54 293
55 65
55 67
55 83
55 84
55 85
55 90
55 95
55 100
55 108
55 116
55 125
55 135
55 142
55 151
55 173
55 191
55 192
55 195
55 198
55 205
55 217
55 220
55 223
55 226
55 232
55 242
55 245
55 253
55 261
55 262
55 263
55 264
55 268
55 272
55 277
55 284
55 300
56 62
56 65
56 66
56 75
56 87
56 108
56 110
56 118
56 172
56 183
56 194
56 197
56 204
56 205
56 219
56 222
56 226
56 228
56 234
56 245
56 254
56 270
56 285
56 288
56 292
57 82
57 87
57 89
57 90
57 93
57 108
57 113
57 118
57 120
57 126
57 140
57 141
57 174
57 186
57 198
57 226
57 234
57 253
57 261
57 269
57 276
57 277
57 284
57 296
57 297
58 61
58 63
58 79
58 80
58 81
58 95
58 108
58 124
58 132
58 152
58 154
58 155
58 182
58 195
58 209
58 217
58 227
58 238
58 278
58 281
58 296
59 63
59 68
59 70
59 98
59 99
59 103
59 146
59 153
59 171
59 173
59 179
59 184
59 185
59 207
59 217
59 256
59 259
59 261
59 278
59 281
59 297
60 75
60 77
60 88
60 101
60 103
60 109
60 124
60 131
60 139
60 179
60 181
60 186
60 191
60 214
60 222
60 240
60 242
60 256
60 260
60 262
60 276
60 277
60 286
60 290
60 294
61 67
61 86
61 87
61 95
61 108
61 110
61 114
61 123
61 128
61 130
61 140
61 141
61 145
61 161
61 165
61 172
61 173
61 184
61 202
61 208
61 212
61 217
61 264
61 265
61 270
61 271
61 276
61 299
61 300
62 63
62 64
62 73
62 76
62 83
62 85
62 90
62 109
62 141
62 161
62 167
62 200
62 221
62 248
62 280
62 294
63 64
63 79
63 87
63 94
63 117
63 120
63 136
63 146
63 161
63 175
63 185
63 206
63 216
63 223
63 235
63 236
63 239
63 240
63 247
63 249
63 250
63 252
63 259
63 263
63 275
63 281
63 287
63 288
63 290
63 298
64 75
64 114
64 117
64 122
64 143
64 149
64 153
64 159
64 166
64 173
64 174
64 190
64 200
64 204
64 217
64 226
64 242
64 248
64 257
64 267
64 272
64 284
64 291
64 292
65 73
65 79
65 98
65 102
65 104
65 109
65 121
65 123
65 146
65 162
65 169
65 173
65 178
65 188
65 194
65 198
65 208
65 221
65 233
65 237
65 252
65 255
65 257
65 260
65 264
66 68
66 87
66 90
66 91
66 95
66 127
66 157
66 159
66 167
66 181
66 186
66 189
66 209
66 213
66 218
66 219
66 221
66 230
66 233
66 241
66 248
66 265
66 274
66 275
66 283
66 287
67 75
67 76
67 81
67 101
67 108
67 113
67 115
67 119
67 123
67 127
67 129
67 142
67 150
67 153
67 179
67 181
67 201
67 203
67 207
67 220
67 261
67 262
67 273
67 283
67 284
67 291
67 296
68 86
68 90
68 117
68 118
68 121
68 154
68 180
68 182
68 187
68 200
68 209
68 221
68 244
68 248
68 252
68 266
68 270
68 277
68 293
69 74
69 85
69 115
69 117
69 126
69 130
69 139
69 144
69 147
69 161
69 172
69 174
69 177
69 179
69 186
69 199
69 204
69 205
69 207
69 221
69 232
69 256
69 274
69 280
69 286
69 295
69 296
69 300
70 72
70 82
70 89
70 96
70 98
70 104
70 182
70 214
70 223
70 226
70 227
70 244
70 246
70 255
70 264
70 270
70 272
70 276
70 277
70 291
70 292
70 293
71 83
71 87
71 117
71 122
71 127
71 141
71 148
71 160
71 165
71 175
71 188
71 197
71 208
71 221
71 253
71 256
71 264
71 277
71 280
72 81
72 88
72 89
72 91
72 94
72 100
72 110
72 127
72 144
72 148
72 151
72 155
72 167
72 189
72 197
72 205
72 217
72 230
72 259
72 262
72 264
72 285
72 292
72 300
73 81
73 85
73 110
73 126
73 129
73 134
73 164
73 184
73 190
73 192
73 209
73 216
73 221
73 236
73 237
73 260
73 264
73 265
73 278
73 295
74 77
74 85
74 87
74 90
74 95
74 120
74 138
74 150
74 163
74 172
74 197
74 198
74 211
74 221
74 255
74 256
74 263
74 264
74 268
74 289
75 76
75 78
75 103
75 108
75 126
75 128
75 142
75 150
75 152
75 154
75 157
75 167
75 219
75 232
75 233
75 248
75 285
76 96
76 98
76 102
76 106
76 131
76 135
76 137
76 149
76 156
76 176
76 187
76 216
76 231
76 245
76 255
76 262
76 271
76 278
76 279
77 90
77 96
77 102
77 110
77 119
77 120
77 130
77 133
77 161
77 163
77 169
77 175
77 195
77 199
77 217
77 219
77 253
77 272
77 299
77 300
78 80
78 88
78 113
78 143
78 150
78 155
78 157
78 177
78 179
78 194
78 200
78 203
78 206
78 222
78 232
78 241
78 254
79 84
79 95
79 97
79 125
79 149
79 184
79 187
79 193
79 201
79 219
79 257
79 263
79 279
79 285
79 290
79 300
80 98
80 103
80 111
80 115
80 117
80 119
80 127
80 144
80 157
80 168
80 172
80 208
80 217
80 219
80 224
80 233
80 239
80 240
80 244
80 272
80 273
80 281
80 290
80 291
80 299
81 92
81 99
81 102
81 124
81 127
81 143
81 148
81 153
81 155
81 166
81 171
81 175
81 203
81 219
81 251
81 260
81 273
81 277
81 283
81 285
81 292
81 300
82 108
82 113
82 124
82 126
82 127
82 134
82 138
82 147
82 149
82 182
82 185
82 203
82 208
82 210
82 222
82 224
82 229
82 233
82 236
82 247
82 249
82 250
82 261
82 264
82 282
82 295
83 111
83 122
83 141
83 169
83 174
83 178
83 181
83 185
83 194
83 260
83 265
83 270
83 274
83 275
83 290
83 296
84 102
84 109
84 116
84 130
84 141
84 174
84 177
84 185
84 196
84 198
84 231
84 234
84 241
84 245
84 252
84 259
84 264
84 269
84 270
84 285
84 294
84 297
84 298
85 89
85 110
85 126
85 127
85 128
85 133
85 134
85 138
85 148
85 154
85 168
85 178
85 198
85 212
85 213
85 218
85 233
85 244
85 274
85 277
85 284
85 285
86 87
86 115
86 135
86 144
86 146
86 176
86 189
86 199
86 204
86 216
86 221
86 223
86 224
86 235
86 243
86 255
86 269
86 271
86 284
86 285
86 293
86 297
87 102
87 107
87 118
87 124
87 132
87 153
87 160
87 161
87 168
87 178
87 189
87 209
87 214
87 221
87 226
87 237
87 249
87 251
87 267
87 285
87 289
88 101
88 111
88 118
88 126
88 142
88 146
88 170
88 185
88 188
88 192
88 198
88 202
88 214
88 219
88 224
88 258
88 263
88 265
88 270
88 276
88 278
88 280
88 299
89 90
89 113
89 132
89 134
89 140
89 153
89 160
89 179
89 199
89 206
89 215
89 233
89 236
89 241
89 261
90 98
90 99
90 100
90 106
90 109
90 113
90 114
90 125
90 140
90 161
90 164
90 175
90 177
90 184
90 188
90 199
90 221
90 226
90 227
90 279
90 283
90 298
90 299
90 300
91 95
91 97
91 103
91 116
91 119
91 122
91 128
91 131
91 139
91 147
91 149
91 182
91 189
91 201
91 220
91 221
91 222
91 228
91 233
91 236
91 299
92 93
92 100
92 119
92 121
92 130
92 134
92 158
92 176
92 200
92 228
92 237
92 238
92 248
92 251
92 253
92 258
92 265
92 266
92 269
92 272
92 274
92 291
92 296
93 101
93 105
93 106
93 138
93 152
93 169
93 175
93 202
93 217
93 226
93 238
93 241
93 263
93 278
93 279
93 280
93 290
94 101
94 103
94 113
94 125
94 152
94 164
94 173
94 179
94 188
94 192
94 195
94 200
94 231
94 242
94 244
94 249
94 272
94 277
94 288
95 96
95 98
95 100
95 107
95 108
95 125
95 127
95 148
95 153
95 165
95 171
95 178
95 181
95 193
95 198
95 209
95 220
95 224
95 228
95 231
95 232
95 265
95 272
95 278
95 279
95 281
95 282
95 296
95 300
96 101
96 108
96 146
96 156
96 161
96 165
96 167
96 175
96 184
96 187
96 188
96 204
96 218
96 228
96 263
96 280
96 290
97 106
97 122
97 126
97 127
97 130
97 132
97 169
97 174
97 184
97 187
97 188
97 198
97 211
97 215
97 226
97 233
97 240
97 245
97 269
97 271
97 273
97 274
97 279
97 286
98 100
98 106
98 116
98 120
98 122
98 152
98 156
98 161
98 185
98 195
98 229
98 241
98 247
98 253
98 280
98 287
99 118
99 124
99 147
99 169
99 170
99 180
99 187
99 205
99 213
99 218
99 226
99 239
99 243
99 275
99 278
99 294
100 109
100 114
100 125
100 141
100 142
100 159
100 160
100 175
100 177
100 191
100 207
100 213
100 228
100 239
100 244
100 280
100 298
100 300
101 104
101 130
101 137
101 138
101 147
101 174
101 189
101 190
101 192
101 201
101 231
101 258
101 295
101 299
102 104
102 115
102 132
102 158
102 174
102 178
102 201
102 204
102 207
102 215
102 239
102 248
102 260
102 289
102 300
103 106
103 111
103 128
103 129
103 149
103 163
103 167
103 171
103 175
103 189
103 201
103 203
103 206
103 212
103 225
103 237
103 256
103 283
103 300
104 111
104 113
104 135
104 138
104 155
104 160
104 169
104 174
104 196
104 203
104 211
104 214
104 217
104 222
104 226
104 230
104 235
104 239
104 253
104 260
104 261
104 262
104 279
104 282
104 290
104 293
105 109
105 113
105 130
105 131
105 133
105 134
105 141
105 148
105 162
105 178
105 187
105 195
105 203
105 211
105 215
105 217
105 245
105 246
105 249
105 252
105 274
105 276
105 292
106 112
106 117
106 126
106 127
106 128
106 169
106 173
106 175
106 191
106 196
106 201
106 233
106 234
106 240
106 252
106 256
106 267
106 271
106 278
106 280
106 288
106 290
106 293
106 298
107 113
107 116
107 118
107 119
107 121
107 133
107 137
107 144
107 182
107 200
107 220
107 250
107 251
107 254
107 255
107 260
107 273
107 288
107 294
107 295
108 137
108 145
108 149
108 151
108 159
108 189
108 205
108 211
108 220
108 222
108 242
108 260
108 269
108 272
108 297
108 300
109 136
109 144
109 153
109 157
109 162
109 163
109 181
109 194
109 202
109 216
109 222
109 227
109 235
109 238
109 239
109 251
109 260
109 266
110 113
110 118
110 126
110 131
110 139
110 149
110 152
110 160
110 177
110 204
110 233
110 237
110 240
110 247
110 249
110 257
110 269
110 272
110 285
110 287
111 116
111 132
111 137
111 143
111 144
111 155
111 162
111 167
111 180
111 211
111 222
111 226
111 227
111 230
111 241
111 248
111 261
111 267
112 155
112 173
112 176
112 177
112 179
112 219
112 220
112 222
112 226
112 227
112 229
112 235
112 246
112 250
112 254
112 255
112 269
112 277
112 279
112 291
113 121
113 125
113 134
113 164
113 184
113 199
113 215
113 223
113 224
113 246
113 263
113 275
113 281
113 294
114 124
114 126
114 138
114 143
114 165
114 183
114 190
114 194
114 196
114 200
114 207
114 212
114 240
114 246
114 258
114 269
114 271
114 289
114 299
115 118
115 132
115 151
115 159
115 170
115 172
115 184
115 213
115 214
115 230
115 233
115 241
115 244
115 247
115 254
115 263
115 273
115 276
115 278
115 294
116 150
116 152
116 156
116 165
116 166
116 171
116 177
116 182
116 221
116 247
116 251
116 252
116 262
116 270
116 292
117 122
117 136
117 178
117 184
117 214
117 217
117 228
117 235
117 258
117 274
117 286
118 122
118 123
118 126
118 139
118 219
118 220
118 224
118 235
118 240
118 265
118 275
118 281
118 289
119 121
119 130
119 131
119 138
119 152
119 153
119 156
119 157
119 159
119 161
119 164
119 185
119 186
119 188
119 212
119 215
119 232
119 245
119 248
119 249
119 260
119 269
119 289
119 291
119 295
120 134
120 137
120 141
120 143
120 162
120 164
120 169
120 172
120 178
120 179
120 182
120 200
120 222
120 227
120 265
120 269
121 125
121 127
121 139
121 153
121 156
121 158
121 166
121 176
121 177
121 182
121 186
121 188
121 195
121 198
121 223
121 230
121 239
121 246
121 251
121 255
121 274
121 299
122 127
122 146
122 173
122 174
122 216
122 232
122 241
122 244
122 252
122 254
122 264
122 280
122 288
122 296
123 128
123 131
123 138
123 149
123 157
123 168
123 172
123 179
123 198
123 201
123 211
123 236
123 238
123 271
123 277
123 286
123 291
124 125
124 134
124 144
124 162
124 195
124 203
124 206
124 218
124 233
124 245
124 255
124 257
124 262
124 274
124 287
124 295
124 296
125 146
125 148
125 150
125 167
125 172
125 192
125 194
125 205
125 213
125 216
125 220
125 228
125 232
125 241
125 252
125 263
125 276
125 283
125 294
126 131
126 134
126 142
126 143
126 152
126 165
126 171
126 189
126 211
126 220
126 228
126 237
126 240
126 257
126 264
126 274
126 279
126 282
126 298
127 131
127 144
127 158
127 167
127 170
127 179
127 182
127 189
127 190
127 202
127 203
127 206
127 212
127 216
127 226
127 230
127 250
127 255
127 259
127 270
127 272
127 273
127 291
127 295
128 132
128 135
128 152
128 165
128 166
128 174
128 175
128 177
128 182
128 196
128 220
128 222
128 229
128 236
128 237
128 250
128 253
128 266
128 270
128 279
128 282
128 288
128 290
128 291
128 295
129 133
129 143
129 157
129 158
129 162
129 165
129 202
129 223
129 236
129 240
129 249
129 263
129 279
129 280
129 292
130 134
130 168
130 199
130 200
130 209
130 236
130 238
130 241
130 243
130 258
130 271
130 282
130 283
130 298
130 299
131 139
131 140
131 151
131 152
131 154
131 181
131 204
131 218
131 225
131 247
131 282
131 295
132 137
132 142
132 169
132 177
132 180
132 182
132 185
132 201
132 215
132 226
132 233
132 237
132 243
133 134
133 179
133 189
133 195
133 214
133 232
133 249
133 274
133 280
133 285
133 299
134 143
134 157
134 167
134 187
134 188
134 207
134 214
134 215
134 226
134 235
134 251
134 254
134 284
135 148
135 165
135 181
135 183
135 190
135 192
135 195
135 197
135 214
135 223
135 227
135 235
135 260
135 271
135 280
135 287
135 299
136 141
136 146
136 167
136 172
136 175
136 182
136 184
136 191
136 209
136 210
136 218
136 221
136 230
136 232
136 243
136 256
136 257
136 261
136 282
136 291
137 156
137 211
137 257
137 258
137 262
137 270
137 271
137 273
137 276
137 285
137 287
137 288
137 290
137 295
138 139
138 147
138 149
138 158
138 161
138 171
138 176
138 177
138 185
138 197
138 199
138 229
138 231
138 244
138 247
138 250
138 262
138 283
138 284
138 287
139 143
139 151
139 162
139 178
139 190
139 191
139 196
139 200
139 243
139 245
139 263
139 276
139 288
139 297
140 148
140 151
140 173
140 178
140 186
140 188
140 224
140 243
140 253
140 288
140 292
140 294
141 160
141 176
141 177
141 180
141 182
141 187
141 201
141 203
141 206
141 212
141 213
141 230
141 233
141 237
141 239
141 243
141 246
141 252
141 256
141 294
142 143
142 158
142 177
142 183
142 189
142 190
142 223
142 226
142 231
142 234
142 237
142 241
142 242
142 247
142 254
142 258
142 272
142 297
143 144
143 146
143 154
143 159
143 172
143 175
143 179
143 183
143 197
143 201
143 209
143 230
143 231
143 237
143 247
143 257
143 275
143 278
143 290
144 159
144 171
144 172
144 186
144 191
144 192
144 208
144 239
144 241
144 254
144 265
144 269
144 270
144 273
144 282
144 296
144 300
145 148
145 153
145 161
145 162
145 177
145 201
145 204
145 208
145 209
145 212
145 229
145 234
145 239
145 246
145 249
145 259
145 265
145 279
146 164
146 180
146 184
146 203
146 212
146 217
146 222
146 223
146 233
146 235
146 241
146 251
146 292
147 161
147 180
147 183
147 194
147 209
147 213
147 218
147 221
147 223
147 239
147 244
147 246
147 257
147 267
147 278
147 285
147 294
147 300
148 156
148 158
148 167
148 168
148 170
148 177
148 204
148 208
148 216
148 217
148 220
148 229
148 234
148 257
148 281
148 297
148 300
149 167
149 181
149 201
149 228
149 250
149 264
149 271
149 287
149 294
150 151
150 157
150 184
150 190
150 207
150 208
150 211
150 218
150 251
150 292
150 293
150 298
150 299
151 170
151 171
151 177
151 179
151 186
151 197
151 207
151 210
151 237
151 240
151 254
151 259
151 270
151 274
151 282
151 283
151 284
151 286
151 289
151 295
152 160
152 162
152 164
152 187
152 207
152 211
152 221
152 225
152 231
152 234
152 236
152 239
152 242
152 249
152 259
152 271
152 277
152 290
152 293
152 296
153 159
153 163
153 179
153 197
153 201
153 210
153 227
153 247
153 253
153 257
153 260
153 278
153 279
153 283
153 285
153 289
153 298
154 166
154 176
154 195
154 200
154 213
154 219
154 220
154 231
154 238
154 242
154 243
154 244
154 248
154 255
154 270
154 272
154 282
154 287
154 291
154 293
154 295
154 297
155 175
155 193
155 200
155 202
155 204
155 213
155 224
155 233
155 240
155 245
155 260
155 263
155 264
155 277
155 288
155 289
155 293
155 297
156 160
156 166
156 167
156 179
156 183
156 195
156 198
156 212
156 213
156 228
156 233
156 242
156 246
156 276
157 167
157 186
157 187
157 217
157 228
157 232
157 237
157 242
157 271
157 272
157 282
157 297
158 167
158 174
158 175
158 181
158 182
158 189
158 198
158 208
158 216
158 227
158 239
158 243
158 247
158 258
158 276
158 278
158 284
159 160
159 172
159 174
159 175
159 176
159 184
159 211
159 217
159 219
159 224
159 228
159 239
159 252
159 257
159 268
159 270
159 273
159 283
160 164
160 199
160 201
160 210
160 213
160 225
160 226
160 246
160 256
160 263
160 296
161 163
161 177
161 185
161 187
161 198
161 213
161 239
161 241
161 245
161 247
161 251
161 252
161 275
161 287
162 168
162 169
162 170
162 173
162 194
162 195
162 204
162 207
162 217
162 219
162 225
162 226
162 234
162 240
162 245
162 262
162 276
162 281
162 285
162 296
162 298
163 193
163 197
163 202
163 220
163 221
163 234
163 257
163 262
163 268
163 292
163 296
164 186
164 189
164 200
164 202
164 217
164 218
164 241
164 263
164 267
164 268
164 278
165 168
165 180
165 186
165 188
165 216
165 226
165 264
165 297
166 168
166 177
166 180
166 181
166 205
166 219
166 225
166 233
166 239
166 240
166 252
166 254
166 258
166 274
166 299
167 171
167 175
167 185
167 209
167 214
167 242
167 245
167 248
167 253
167 256
167 257
167 272
167 277
167 293
167 298
168 172
168 186
168 220
168 223
168 229
168 245
168 248
168 249
168 256
168 258
168 262
168 263
168 266
168 269
168 280
168 293
168 295
168 299
169 173
169 177
169 193
169 194
169 203
169 207
169 213
169 236
169 240
169 286
169 291
169 298
169 300
170 178
170 186
170 201
170 220
170 223
170 235
170 247
170 250
170 273
170 277
170 281
171 177
171 215
171 240
171 248
171 253
171 267
171 272
171 274
171 279
171 300
172 178
172 204
172 206
172 208
172 246
172 259
172 263
172 269
172 280
172 287
173 194
173 214
173 225
173 240
173 249
173 250
173 258
173 259
173 264
173 268
173 274
173 298
174 207
174 212
174 224
174 238
174 244
174 276
174 281
174 283
174 290
174 291
174 292
175 177
175 189
175 200
175 202
175 206
175 239
175 252
175 257
175 263
175 283
175 288
175 296
176 189
176 197
176 203
176 209
176 213
176 220
176 226
176 232
176 233
176 234
176 249
176 253
176 255
176 256
176 279
176 299
177 185
177 189
177 197
177 207
177 220
177 229
177 247
177 260
177 267
178 201
178 206
178 207
178 211
178 218
178 233
178 248
178 281
179 196
179 203
179 206
179 211
179 213
179 218
179 254
179 284
179 288
179 294
179 298
180 191
180 200
180 201
180 226
180 237
180 238
180 246
180 248
180 253
180 260
180 273
180 282
180 293
180 296
181 212
181 249
181 256
181 259
181 261
181 262
181 265
181 273
181 277
181 284
181 294
182 190
182 195
182 201
182 206
182 211
182 214
182 215
182 219
182 221
182 243
182 251
182 260
183 197
183 224
183 226
183 234
183 235
183 239
183 244
183 280
183 289
184 209
184 227
184 247
184 273
184 286
184 289
184 295
185 202
185 209
185 216
185 218
185 250
185 254
185 268
185 276
185 281
185 283
185 293
186 187
186 198
186 200
186 214
186 217
186 225
186 237
186 241
186 249
186 255
186 258
186 281
186 287
186 289
186 290
187 199
187 223
187 230
187 255
187 259
187 264
187 271
187 276
187 285
188 206
188 227
188 232
188 256
188 262
188 271
188 280
188 282
188 291
188 294
188 297
189 203
189 210
189 212
189 243
189 245
189 263
189 268
189 277
189 279
189 280
190 193
190 219
190 228
190 236
190 240
190 241
190 252
190 257
190 263
190 264
190 298
191 192
191 196
191 199
191 203
191 208
191 211
191 214
191 215
191 236
191 237
191 245
191 251
191 255
191 277
191 280
191 285
191 287
192 199
192 222
192 239
192 244
192 249
192 255
192 256
192 296
193 216
193 231
193 248
193 252
193 257
193 280
193 287
193 295
193 296
194 217
194 218
194 220
194 243
194 257
194 287
194 292
195 218
195 238
195 256
195 260
195 261
195 266
195 268
195 286
196 223
196 253
196 264
196 281
196 290
196 296
197 199
197 202
197 203
197 207
197 227
197 251
197 260
197 261
197 266
197 271
197 277
197 280
197 289
198 211
198 216
198 218
198 247
198 268
198 272
198 273
198 283
199 203
199 212
199 228
199 233
199 252
199 255
199 256
199 269
199 275
199 276
199 278
199 281
199 292
199 298
199 300
200 220
200 234
200 250
200 263
200 267
200 271
200 281
200 287
200 290
200 296
200 297
200 298
201 203
201 205
201 231
201 237
201 249
201 266
201 268
201 280
202 208
202 214
202 237
202 255
202 257
202 258
202 264
202 266
202 268
202 270
202 275
202 281
202 287
202 290
203 208
203 257
203 265
203 272
203 279
203 290
204 210
204 217
204 223
204 235
204 240
204 241
204 244
204 247
204 249
204 250
204 257
204 260
204 270
204 274
204 277
204 289
204 292
204 297
205 235
205 246
205 254
205 258
205 259
205 282
205 283
205 284
206 210
206 260
206 265
206 273
206 293
206 295
206 296
207 226
207 244
207 245
207 247
207 264
208 217
208 227
208 236
208 238
208 240
208 254
208 255
208 258
208 266
208 269
208 271
208 284
208 285
208 294
209 213
209 222
209 226
209 241
209 247
209 249
209 254
209 257
209 268
209 273
209 281
209 283
209 285
209 286
209 289
209 295
210 216
210 220
210 254
210 256
210 280
210 285
210 288
211 220
211 224
211 230
211 231
211 239
211 254
211 255
211 262
211 282
211 284
211 286
212 219
212 227
212 235
212 281
212 282
212 285
212 289
212 290
212 293
213 216
213 228
213 233
213 246
213 269
213 283
213 291
213 295
214 222
214 227
214 230
214 232
214 240
214 267
214 275
215 219
215 224
215 227
215 233
215 242
215 255
215 263
215 264
215 275
215 280
215 282
215 284
215 286
215 289
215 290
216 220
216 224
216 227
216 238
216 241
216 257
216 264
216 265
216 280
216 295
217 221
217 229
217 246
217 250
217 256
217 260
217 263
217 272
217 279
217 281
217 300
218 219
218 230
218 273
218 300
219 223
219 237
219 256
219 266
219 271
219 275
219 279
220 240
220 248
220 250
220 261
220 276
220 279
220 284
220 293
220 299
221 229
221 231
221 233
221 250
221 259
221 260
221 275
222 227
222 230
222 242
222 246
222 278
222 280
222 286
222 291
222 292
223 224
223 261
223 262
223 265
223 266
223 277
223 287
223 292
224 227
224 228
224 240
224 247
224 261
224 273
224 286
224 299
225 228
225 234
225 255
225 258
225 266
225 267
225 277
225 282
225 297
226 227
226 232
226 241
226 253
226 259
226 280
226 293
226 295
227 229
227 232
227 237
227 257
227 259
227 261
227 266
227 272
227 276
228 245
228 248
228 255
228 257
228 272
228 283
228 288
228 292
229 233
229 251
229 254
229 259
229 264
229 265
229 274
229 284
229 285
229 286
229 290
229 293
229 297
230 260
230 262
230 276
230 290
231 234
231 241
231 248
231 271
232 240
232 245
232 271
232 288
233 241
233 242
233 252
233 256
233 276
233 279
233 288
233 291
233 296
233 299
234 239
234 256
234 296
235 245
235 248
235 250
235 269
235 271
235 281
235 283
235 290
236 245
236 257
236 271
236 297
237 248
237 279
237 282
237 283
237 292
237 294
237 300
238 243
238 248
238 268
238 274
238 280
238 297
239 243
239 246
239 259
239 269
239 271
239 285
239 289
239 293
240 267
240 268
240 286
240 293
241 247
241 255
241 279
241 282
241 295
242 258
242 272
242 275
242 289
242 291
242 298
242 299
243 247
243 251
243 271
243 286
243 292
243 298
244 248
244 256
244 260
244 292
244 297
244 300
245 266
245 271
245 288
245 295
246 272
246 273
246 280
247 267
247 276
247 280
248 253
248 271
248 280
248 288
248 289
249 258
249 278
249 280
249 281
249 286
249 291
249 296
250 253
250 254
250 256
250 262
250 263
250 276
250 280
250 290
251 255
251 261
251 265
251 267
251 269
251 273
251 290
251 298
252 261
252 275
252 285
252 286
253 268
253 271
253 282
254 258
254 261
254 269
254 285
254 291
255 256
255 273
255 274
255 299
256 257
256 269
256 272
256 276
256 292
256 295
256 296
257 275
257 277
258 281
259 286
260 261
260 268
260 275
261 287
261 294
262 279
262 290
262 293
263 268
263 276
264 265
264 276
264 279
265 268
265 276
265 291
265 300
266 281
266 284
266 295
266 296
267 275
268 282
268 292
268 296
269 283
269 297
270 281
270 293
270 294
271 276
271 298
272 274
272 277
272 278
272 279
272 281
272 297
272 299
273 299
274 278
274 279
274 281
274 290
275 290
275 292
275 294
275 298
276 281
277 279
277 280
277 282
277 288
277 295
278 288
278 296
279 280
279 298
280 287
280 297
281 288
281 290
281 292
282 291
282 297
282 298
283 299
284 293
285 295
285 299
286 288
286 294
287 288
287 290
287 293
288 297
291 295
291 296
291 300
296 297
296 298
297 298
299 300
