35
123
1 13
1 15
1 18
1 23
1 25
1 30
1 33
1 34
1 35
2 15
2 28
2 30
2 31
2 33
3 4
3 5
3 8
3 9
3 10
3 14
3 17
3 19
3 34
4 6
4 8
4 19
4 22
4 23
4 31
5 7
5 8
5 12
5 23
5 28
5 35
6 7
6 9
6 14
6 18
6 20
6 21
7 9
7 18
7 19
7 22
7 23
7 24
7 28
7 33
8 9
8 15
8 21
8 26
9 11
9 17
9 23
9 24
9 27
9 32
10 11
10 17
10 18
10 19
10 20
10 26
10 27
10 30
10 33
11 24
11 34
12 15
12 16
12 18
12 21
12 32
13 14
13 21
13 29
14 19
14 34
15 30
15 31
15 35
16 17
16 27
16 30
16 31
17 19
17 20
17 21
17 26
17 31
17 32
17 33
18 20
18 24
18 27
18 29
18 31
18 35
19 21
19 29
20 34
21 23
22 23
22 29
22 30
22 33
23 24
23 27
23 30
24 28
24 31
25 32
26 32
27 31
27 35
29 30
29 32
29 34
29 35
31 33
32 34
